image: maps.pgm
resolution: 0.010000
origin: [-23.760000, -23.440000, 0.000000]
negate: 0
occupied_thresh: 0.65
free_thresh: 0.196

